<?xml version="1.0"?>
<opencv_storage>
<intrinsic_mat type_id="opencv-matrix">
  <rows>3</rows>
  <cols>3</cols>
  <dt>f</dt>
  <data>
    2.26161768e+03 0. 8.48989868e+02 0. 2.26161768e+03 1.16814014e+03 0.
    0. 1.</data></intrinsic_mat>
<lens_distortion type_id="opencv-matrix">
  <rows>5</rows>
  <cols>1</cols>
  <dt>f</dt>
  <data>
    9.06553715e-02 -2.45320648e-01 3.12078249e-04 -1.46781921e-03
    1.84139848e-01</data></lens_distortion>
<calibration_error>3.4770350899513225e-01</calibration_error>
<resolution_x>1824</resolution_x>
<resolution_y>1140</resolution_y>
</opencv_storage>
