<?xml version="1.0"?>
<opencv_storage>
<Kc type_id="opencv-matrix">
  <rows>3</rows>
  <cols>3</cols>
  <dt>f</dt>
  <data>
    1.17453613e+03 0. 3.72650238e+02 0. 1.17453613e+03 2.90268036e+02 0.
    0. 1.</data></Kc>
<kc type_id="opencv-matrix">
  <rows>5</rows>
  <cols>1</cols>
  <dt>f</dt>
  <data>
    -2.85857558e-01 -3.82164061e-01 -1.40800630e-03 2.33440055e-03
    2.02422762e+00</data></kc>
<Kp type_id="opencv-matrix">
  <rows>3</rows>
  <cols>3</cols>
  <dt>f</dt>
  <data>
    2.25599609e+03 0. 8.48076904e+02 0. 2.25599609e+03 1.15564575e+03 0.
    0. 1.</data></Kp>
<kp type_id="opencv-matrix">
  <rows>5</rows>
  <cols>1</cols>
  <dt>f</dt>
  <data>
    7.62482733e-02 -2.06917405e-01 -1.82408886e-03 -1.05248590e-03
    1.12996854e-01</data></kp>
<Rp type_id="opencv-matrix">
  <rows>3</rows>
  <cols>3</cols>
  <dt>f</dt>
  <data>
    9.99830902e-01 -1.29286945e-02 1.30750928e-02 1.29861431e-02
    9.99906361e-01 -4.31845058e-03 -1.30180372e-02 4.48751543e-03
    9.99905169e-01</data></Rp>
<Tp type_id="opencv-matrix">
  <rows>3</rows>
  <cols>1</cols>
  <dt>f</dt>
  <data>
    1.22650976e+01 -9.81340714e+01 -1.28261459e+02</data></Tp>
<cam_error>1.0470532892729212e-01</cam_error>
<proj_error>2.8798399419313675e-01</proj_error>
<stereo_error>2.4725644009481756e-01</stereo_error>
<frameWidth>720</frameWidth>
<frameHeight>540</frameHeight>
<screenResX>912</screenResX>
<screenResY>1140</screenResY>
</opencv_storage>
