<?xml version="1.0"?>
<opencv_storage>
<Kc type_id="opencv-matrix">
  <rows>3</rows>
  <cols>3</cols>
  <dt>f</dt>
  <data>
    9.91977783e+02 0. 360. 0. 9.91977783e+02 270. 0. 0. 1.</data></Kc>
<kc type_id="opencv-matrix">
  <rows>5</rows>
  <cols>1</cols>
  <dt>f</dt>
  <data>
    -2.83137530e-01 -5.20223737e-01 -2.20861635e-03 3.08987405e-03
    2.37214613e+00</data></kc>
<Kp type_id="opencv-matrix">
  <rows>3</rows>
  <cols>3</cols>
  <dt>f</dt>
  <data>
    2.27553125e+03 0. 8.50349426e+02 0. 2.27553125e+03 1.14146313e+03 0.
    0. 1.</data></Kp>
<kp type_id="opencv-matrix">
  <rows>5</rows>
  <cols>1</cols>
  <dt>f</dt>
  <data>
    9.08654556e-02 -2.63714582e-01 -4.51020570e-03 -2.13742605e-03
    2.24388972e-01</data></kp>
<Rp type_id="opencv-matrix">
  <rows>3</rows>
  <cols>3</cols>
  <dt>f</dt>
  <data>
    9.71605957e-01 5.27984165e-02 2.30638534e-01 -3.94437416e-03
    9.78263021e-01 -2.07330316e-01 -2.36571878e-01 2.00533643e-01
    9.50694501e-01</data></Rp>
<Tp type_id="opencv-matrix">
  <rows>3</rows>
  <cols>1</cols>
  <dt>f</dt>
  <data>
    -1.36432831e+02 -2.67260170e+01 -1.27655792e+01</data></Tp>
<cam_error>1.0931238366256663e-01</cam_error>
<proj_error>2.8725707850903509e-01</proj_error>
<stereo_error>3.7889728577905463e-01</stereo_error>
<frame_width>720</frame_width>
<frame_height>540</frame_height>
<screen_res_x>912</screen_res_x>
<screen_res_y>1140</screen_res_y>
</opencv_storage>
