<?xml version="1.0"?>
<opencv_storage>
<Kc type_id="opencv-matrix">
  <rows>3</rows>
  <cols>3</cols>
  <dt>f</dt>
  <data>
    1.00005682e+03 0. 3.72650238e+02 0. 1.00005682e+03 2.90268036e+02 0.
    0. 1.</data></Kc>
<kc type_id="opencv-matrix">
  <rows>5</rows>
  <cols>1</cols>
  <dt>f</dt>
  <data>
    -3.34799320e-01 -5.94305508e-02 0. 0. 9.56277609e-01</data></kc>
<Kp type_id="opencv-matrix">
  <rows>3</rows>
  <cols>3</cols>
  <dt>f</dt>
  <data>
    2.24851367e+03 0. 8.48313416e+02 0. 2.24851367e+03 1.15916797e+03 0.
    0. 1.</data></Kp>
<kp type_id="opencv-matrix">
  <rows>5</rows>
  <cols>1</cols>
  <dt>f</dt>
  <data>
    8.44760761e-02 -2.34529406e-01 -1.60558755e-03 -1.49095932e-03
    1.60609901e-01</data></kp>
<Rp type_id="opencv-matrix">
  <rows>3</rows>
  <cols>3</cols>
  <dt>f</dt>
  <data>
    9.70655024e-01 5.42703643e-02 2.34272301e-01 -1.35267312e-02
    9.84981239e-01 -1.72130898e-01 -2.40095422e-01 1.63910776e-01
    9.56811070e-01</data></Rp>
<Tp type_id="opencv-matrix">
  <rows>3</rows>
  <cols>1</cols>
  <dt>f</dt>
  <data>
    -1.36551270e+02 -2.51572552e+01 -1.55401354e+01</data></Tp>
<cam_error>1.3999765279529558e-01</cam_error>
<proj_error>0.</proj_error>
<stereo_error>3.8468646742019236e-01</stereo_error>
<frame_width>720</frame_width>
<frame_height>540</frame_height>
<screen_res_x>1824</screen_res_x>
<screen_res_y>1140</screen_res_y>
</opencv_storage>
