<?xml version="1.0"?>
<opencv_storage>
<Kc type_id="opencv-matrix">
  <rows>3</rows>
  <cols>3</cols>
  <dt>f</dt>
  <data>
    1.00113348e+03 0. 3.72650238e+02 0. 1.00113348e+03 2.90268036e+02 0.
    0. 1.</data></Kc>
<kc type_id="opencv-matrix">
  <rows>5</rows>
  <cols>1</cols>
  <dt>f</dt>
  <data>
    -3.34352136e-01 -6.42332062e-02 0. 0. 9.66098011e-01</data></kc>
<Kp type_id="opencv-matrix">
  <rows>3</rows>
  <cols>3</cols>
  <dt>f</dt>
  <data>
    2.24907983e+03 0. 8.48138000e+02 0. 2.24907983e+03 1.15970068e+03 0.
    0. 1.</data></Kp>
<kp type_id="opencv-matrix">
  <rows>5</rows>
  <cols>1</cols>
  <dt>f</dt>
  <data>
    8.33461434e-02 -2.01571748e-01 -2.08662939e-03 -8.90957715e-04
    9.93331820e-02</data></kp>
<Rp type_id="opencv-matrix">
  <rows>3</rows>
  <cols>3</cols>
  <dt>f</dt>
  <data>
    9.70958889e-01 5.42308204e-02 2.33019084e-01 -1.38098113e-02
    9.85050976e-01 -1.71708539e-01 -2.38847569e-01 1.63503990e-01
    9.57192898e-01</data></Rp>
<Tp type_id="opencv-matrix">
  <rows>3</rows>
  <cols>1</cols>
  <dt>f</dt>
  <data>
    -1.35983887e+02 -2.53982315e+01 -1.57343121e+01</data></Tp>
<cam_error>1.3951702236606048e-01</cam_error>
<proj_error>3.0781145140888427e-01</proj_error>
<stereo_error>4.3020047928459859e-01</stereo_error>
<frame_width>720</frame_width>
<frame_height>540</frame_height>
<screen_res_x>1824</screen_res_x>
<screen_res_y>1140</screen_res_y>
</opencv_storage>
