<?xml version="1.0"?>
<opencv_storage>
<Kc type_id="opencv-matrix">
  <rows>3</rows>
  <cols>3</cols>
  <dt>f</dt>
  <data>
    9.01944275e+02 0. 360. 0. 9.01944275e+02 270. 0. 0. 1.</data></Kc>
<kc type_id="opencv-matrix">
  <rows>5</rows>
  <cols>1</cols>
  <dt>f</dt>
  <data>
    -3.58879715e-01 1.69228852e-01 0. 0. 0.</data></kc>
<Kp type_id="opencv-matrix">
  <rows>3</rows>
  <cols>3</cols>
  <dt>f</dt>
  <data>
    2.24874072e+03 0. 8.56760559e+02 0. 2.24874072e+03 1.16561768e+03 0.
    0. 1.</data></Kp>
<kp type_id="opencv-matrix">
  <rows>5</rows>
  <cols>1</cols>
  <dt>f</dt>
  <data>
    8.67878273e-02 -2.37121001e-01 0. 0. 1.60066590e-01</data></kp>
<Rp type_id="opencv-matrix">
  <rows>3</rows>
  <cols>3</cols>
  <dt>f</dt>
  <data>
    9.99749482e-01 -2.48612277e-03 2.22439282e-02 1.57149218e-03
    9.99156177e-01 4.10415977e-02 -2.23271940e-02 -4.09963615e-02
    9.98909831e-01</data></Rp>
<Tp type_id="opencv-matrix">
  <rows>3</rows>
  <cols>1</cols>
  <dt>f</dt>
  <data>
    -8.85386169e-01 -1.28500626e+02 -7.62419748e+00</data></Tp>
<cam_error>1.8115554487206634e-01</cam_error>
<proj_error>3.6414020414089943e-01</proj_error>
<stereo_error>4.6421430404669656e-01</stereo_error>
<frame_width>720</frame_width>
<frame_height>540</frame_height>
<screen_res_x>1824</screen_res_x>
<screen_res_y>1140</screen_res_y>
</opencv_storage>
