<?xml version="1.0"?>
<opencv_storage>
<Kc type_id="opencv-matrix">
  <rows>3</rows>
  <cols>3</cols>
  <dt>f</dt>
  <data>
    9.01692261e+02 0. 3.72650238e+02 0. 9.01692261e+02 2.90268036e+02 0.
    0. 1.</data></Kc>
<kc type_id="opencv-matrix">
  <rows>5</rows>
  <cols>1</cols>
  <dt>f</dt>
  <data>
    -3.65501940e-01 2.42032737e-01 0. 0. -2.65615940e-01</data></kc>
<Kp type_id="opencv-matrix">
  <rows>3</rows>
  <cols>3</cols>
  <dt>f</dt>
  <data>
    2.24851367e+03 0. 8.48313416e+02 0. 2.24851367e+03 1.15916797e+03 0.
    0. 1.</data></Kp>
<kp type_id="opencv-matrix">
  <rows>5</rows>
  <cols>1</cols>
  <dt>f</dt>
  <data>
    8.44760761e-02 -2.34529406e-01 -1.60558755e-03 -1.49095932e-03
    1.60609901e-01</data></kp>
<Rp type_id="opencv-matrix">
  <rows>3</rows>
  <cols>3</cols>
  <dt>f</dt>
  <data>
    9.99185741e-01 -4.06562630e-03 4.01414074e-02 1.36783440e-03
    9.97751534e-01 6.70072213e-02 -4.03235778e-02 -6.68977499e-02
    9.96944666e-01</data></Rp>
<Tp type_id="opencv-matrix">
  <rows>3</rows>
  <cols>1</cols>
  <dt>f</dt>
  <data>
    -8.93275142e-01 -1.28591660e+02 -7.18451834e+00</data></Tp>
<cam_error>2.3218206118142365e-01</cam_error>
<proj_error>3.6113724618555793e-01</proj_error>
<stereo_error>6.0775881356450978e-01</stereo_error>
<frame_width>720</frame_width>
<frame_height>540</frame_height>
<screen_res_x>1824</screen_res_x>
<screen_res_y>1140</screen_res_y>
</opencv_storage>
