<?xml version="1.0"?>
<opencv_storage>
<Kc type_id="opencv-matrix">
  <rows>3</rows>
  <cols>3</cols>
  <dt>f</dt>
  <data>
    9.06511414e+02 0. 3.36454590e+02 0. 9.03983337e+02 2.37635117e+02 0.
    0. 1.</data></Kc>
<kc type_id="opencv-matrix">
  <rows>5</rows>
  <cols>1</cols>
  <dt>f</dt>
  <data>
    -3.45831305e-01 9.63856354e-02 5.79683219e-05 1.64091832e-03
    2.10833251e-01</data></kc>
<Kp type_id="opencv-matrix">
  <rows>3</rows>
  <cols>3</cols>
  <dt>f</dt>
  <data>
    2.24874072e+03 0. 8.56760559e+02 0. 2.24874072e+03 1.16561768e+03 0.
    0. 1.</data></Kp>
<kp type_id="opencv-matrix">
  <rows>5</rows>
  <cols>1</cols>
  <dt>f</dt>
  <data>
    8.67878273e-02 -2.37121001e-01 0. 0. 1.60066590e-01</data></kp>
<Rp type_id="opencv-matrix">
  <rows>3</rows>
  <cols>3</cols>
  <dt>f</dt>
  <data>
    9.99993742e-01 -1.62391947e-03 -3.14966636e-03 1.64121273e-03
    9.99983549e-01 5.49573265e-03 3.14068981e-03 -5.50086750e-03
    9.99979913e-01</data></Rp>
<Tp type_id="opencv-matrix">
  <rows>3</rows>
  <cols>1</cols>
  <dt>f</dt>
  <data>
    -1.17915881e+00 -1.28932480e+02 -1.01477699e+01</data></Tp>
<cam_error>1.2566706480048195e-01</cam_error>
<proj_error>3.6414020414089865e-01</proj_error>
<stereo_error>3.9630301023745573e-01</stereo_error>
<frame_width>720</frame_width>
<frame_height>540</frame_height>
<screen_res_x>1824</screen_res_x>
<screen_res_y>1140</screen_res_y>
</opencv_storage>
