<?xml version="1.0"?>
<opencv_storage>
<Kc type_id="opencv-matrix">
  <rows>3</rows>
  <cols>3</cols>
  <dt>f</dt>
  <data>
    8.98137451e+02 0. 360. 0. 8.98137451e+02 270. 0. 0. 1.</data></Kc>
<kc type_id="opencv-matrix">
  <rows>5</rows>
  <cols>1</cols>
  <dt>f</dt>
  <data>
    -3.51739675e-01 1.60440877e-01 -2.84036738e-03 4.51332337e-04
    1.57730095e-02</data></kc>
<Kp type_id="opencv-matrix">
  <rows>3</rows>
  <cols>3</cols>
  <dt>f</dt>
  <data>
    2.24874072e+03 0. 8.56760559e+02 0. 2.24874072e+03 1.16561768e+03 0.
    0. 1.</data></Kp>
<kp type_id="opencv-matrix">
  <rows>5</rows>
  <cols>1</cols>
  <dt>f</dt>
  <data>
    8.67878273e-02 -2.37121001e-01 0. 0. 1.60066590e-01</data></kp>
<Rp type_id="opencv-matrix">
  <rows>3</rows>
  <cols>3</cols>
  <dt>f</dt>
  <data>
    9.99745667e-01 -2.41255667e-03 2.24218778e-02 1.50688016e-03
    9.99185622e-01 4.03219983e-02 -2.25008968e-02 -4.02779542e-02
    9.98935103e-01</data></Rp>
<Tp type_id="opencv-matrix">
  <rows>3</rows>
  <cols>1</cols>
  <dt>f</dt>
  <data>
    -8.99629831e-01 -1.28207275e+02 -5.93661165e+00</data></Tp>
<cam_error>1.6927016708939929e-01</cam_error>
<proj_error>3.6414020414089865e-01</proj_error>
<stereo_error>4.4182950335411753e-01</stereo_error>
<frame_width>720</frame_width>
<frame_height>540</frame_height>
<screen_res_x>1824</screen_res_x>
<screen_res_y>1140</screen_res_y>
</opencv_storage>
