<?xml version="1.0"?>
<opencv_storage>
<intrinsic_mat type_id="opencv-matrix">
  <rows>3</rows>
  <cols>3</cols>
  <dt>f</dt>
  <data>
    9.04200928e+02 0. 3.32246124e+02 0. 9.04200928e+02 2.46191055e+02 0.
    0. 1.</data></intrinsic_mat>
<lens_distortion type_id="opencv-matrix">
  <rows>5</rows>
  <cols>1</cols>
  <dt>f</dt>
  <data>
    -3.30933690e-01 1.05749564e-02 -1.93896017e-03 3.02280602e-03
    3.36986154e-01</data></lens_distortion>
<calibration_error>1.3483992716089341e-01</calibration_error>
<resolution_x>720</resolution_x>
<resolution_y>540</resolution_y>
 <!-- resumed -->

<extrinsic_rot type_id="opencv-matrix">
  <rows>3</rows>
  <cols>3</cols>
  <dt>f</dt>
  <data>
    9.99990165e-01 -1.83477928e-03 -4.03890572e-03 1.87944667e-03
    9.99936819e-01 1.10834092e-02 4.01831511e-03 -1.10908914e-02
    9.99930441e-01</data></extrinsic_rot>
<extrinsic_trans type_id="opencv-matrix">
  <rows>3</rows>
  <cols>1</cols>
  <dt>f</dt>
  <data>
    -1.24210930e+00 -1.28111557e+02 -8.93600368e+00</data></extrinsic_trans>
<stereo_error>4.0254667816671624e-01</stereo_error>
</opencv_storage>
