<?xml version="1.0"?>
<opencv_storage>
<intrinsic_mat type_id="opencv-matrix">
  <rows>3</rows>
  <cols>3</cols>
  <dt>f</dt>
  <data>
    8.97243408e+02 0. 3.42750214e+02 0. 8.98824036e+02 2.43575409e+02 0.
    0. 1.</data></intrinsic_mat>
<lens_distortion type_id="opencv-matrix">
  <rows>5</rows>
  <cols>1</cols>
  <dt>f</dt>
  <data>
    -3.34937125e-01 -4.96272137e-03 5.92115743e-04 2.98517989e-04
    3.86753410e-01</data></lens_distortion>
<calibration_error>7.9346949540321315e-02</calibration_error>
<resolution_x>720</resolution_x>
<resolution_y>540</resolution_y>
 <!-- resumed -->

<extrinsic_rot type_id="opencv-matrix">
  <rows>3</rows>
  <cols>3</cols>
  <dt>f</dt>
  <data>
    9.99994576e-01 -1.70972978e-03 -2.82047642e-03 1.72633212e-03
    9.99981165e-01 5.89447748e-03 2.81034526e-03 -5.89931430e-03
    9.99978662e-01</data></extrinsic_rot>
<extrinsic_trans type_id="opencv-matrix">
  <rows>3</rows>
  <cols>1</cols>
  <dt>f</dt>
  <data>
    -1.00347459e+00 -1.28069443e+02 -1.06617422e+01</data></extrinsic_trans>
<stereo_error>1.9503638543492610e-01</stereo_error>
</opencv_storage>
