<?xml version="1.0"?>
<opencv_storage>
<intrinsic_mat type_id="opencv-matrix">
  <rows>3</rows>
  <cols>3</cols>
  <dt>f</dt>
  <data>
    8.97379395e+02 0. 3.42176178e+02 0. 8.99122925e+02 2.44173294e+02 0.
    0. 1.</data></intrinsic_mat>
<lens_distortion type_id="opencv-matrix">
  <rows>5</rows>
  <cols>1</cols>
  <dt>f</dt>
  <data>
    -3.34827662e-01 -1.43524949e-02 5.35662693e-04 3.14468169e-04
    4.32745814e-01</data></lens_distortion>
<calibration_error>7.9956339775720184e-02</calibration_error>
<resolution_x>720</resolution_x>
<resolution_y>540</resolution_y>
 <!-- resumed -->

<extrinsic_rot type_id="opencv-matrix">
  <rows>3</rows>
  <cols>3</cols>
  <dt>f</dt>
  <data>
    9.99994457e-01 -1.60193327e-03 -2.92125181e-03 1.61672418e-03
    9.99985874e-01 5.06788678e-03 2.91309203e-03 -5.07258112e-03
    9.99982893e-01</data></extrinsic_rot>
<extrinsic_trans type_id="opencv-matrix">
  <rows>3</rows>
  <cols>1</cols>
  <dt>f</dt>
  <data>
    -1.08153009e+00 -1.28045425e+02 -1.06474771e+01</data></extrinsic_trans>
<stereo_error>1.9985284502473769e-01</stereo_error>
</opencv_storage>
