<?xml version="1.0"?>
<opencv_storage>
<intrinsic_mat type_id="opencv-matrix">
  <rows>3</rows>
  <cols>3</cols>
  <dt>f</dt>
  <data>
    9.06511230e+02 0. 3.36454620e+02 0. 9.03983154e+02 2.37635101e+02 0.
    0. 1.</data></intrinsic_mat>
<lens_distortion type_id="opencv-matrix">
  <rows>5</rows>
  <cols>1</cols>
  <dt>f</dt>
  <data>
    -3.45830142e-01 9.63774770e-02 5.79655789e-05 1.64089317e-03
    2.10852996e-01</data></lens_distortion>
<calibration_error>1.2566681430213700e-01</calibration_error>
<resolution_x>720</resolution_x>
<resolution_y>540</resolution_y>
 <!-- resumed -->

<extrinsic_rot type_id="opencv-matrix">
  <rows>3</rows>
  <cols>3</cols>
  <dt>f</dt>
  <data>
    9.99993742e-01 -1.62392017e-03 -3.14973434e-03 1.64121389e-03
    9.99983549e-01 5.49575407e-03 3.14075779e-03 -5.50088892e-03
    9.99979913e-01</data></extrinsic_rot>
<extrinsic_trans type_id="opencv-matrix">
  <rows>3</rows>
  <cols>1</cols>
  <dt>f</dt>
  <data>
    -1.17916036e+00 -1.28932480e+02 -1.01478033e+01</data></extrinsic_trans>
<stereo_error>3.9630118750139237e-01</stereo_error>
</opencv_storage>
