<?xml version="1.0"?>
<opencv_storage>
<intrinsic_mat type_id="opencv-matrix">
  <rows>3</rows>
  <cols>3</cols>
  <dt>f</dt>
  <data>
    9.07800354e+02 0. 3.35357544e+02 0. 9.04195007e+02 2.39014511e+02 0.
    0. 1.</data></intrinsic_mat>
<lens_distortion type_id="opencv-matrix">
  <rows>5</rows>
  <cols>1</cols>
  <dt>f</dt>
  <data>
    -3.37526917e-01 1.86200719e-02 3.90909554e-04 2.00015749e-03
    3.54672939e-01</data></lens_distortion>
<calibration_error>1.1691365101522355e-01</calibration_error>
<resolution_x>720</resolution_x>
<resolution_y>540</resolution_y>
 <!-- resumed -->

<extrinsic_rot type_id="opencv-matrix">
  <rows>3</rows>
  <cols>3</cols>
  <dt>f</dt>
  <data>
    9.99996126e-01 -2.09968351e-03 -1.83173851e-03 2.12959759e-03
    9.99861836e-01 1.64848864e-02 1.79687236e-03 -1.64887235e-02
    9.99862432e-01</data></extrinsic_rot>
<extrinsic_trans type_id="opencv-matrix">
  <rows>3</rows>
  <cols>1</cols>
  <dt>f</dt>
  <data>
    -1.10541451e+00 -1.28528763e+02 -7.64151859e+00</data></extrinsic_trans>
<stereo_error>2.9927526555975908e-01</stereo_error>
</opencv_storage>
