<?xml version="1.0"?>
<opencv_storage>
<intrinsic_mat type_id="opencv-matrix">
  <rows>3</rows>
  <cols>3</cols>
  <dt>f</dt>
  <data>
    9.90134521e+02 0. 3.81903503e+02 0. 9.90134521e+02 2.69746613e+02 0.
    0. 1.</data></intrinsic_mat>
<lens_distortion type_id="opencv-matrix">
  <rows>5</rows>
  <cols>1</cols>
  <dt>f</dt>
  <data>
    -3.14117819e-01 -1.90721914e-01 7.42060656e-04 -3.05265567e-04
    1.05495095e+00</data></lens_distortion>
<calibration_error>8.3045135331174622e-02</calibration_error>
<resolution_x>720</resolution_x>
<resolution_y>540</resolution_y>
 <!-- resumed -->

<extrinsic_rot type_id="opencv-matrix">
  <rows>3</rows>
  <cols>3</cols>
  <dt>f</dt>
  <data>
    9.70298827e-01 5.75192980e-02 2.34971821e-01 -9.77787375e-03
    9.79852438e-01 -1.99483350e-01 -2.41711855e-01 1.91260934e-01
    9.51312065e-01</data></extrinsic_rot>
<extrinsic_trans type_id="opencv-matrix">
  <rows>3</rows>
  <cols>1</cols>
  <dt>f</dt>
  <data>
    -1.36005829e+02 -2.46853523e+01 -1.59445066e+01</data></extrinsic_trans>
<stereo_error>1.8929362759844065e-01</stereo_error>
</opencv_storage>
