<?xml version="1.0"?>
<opencv_storage>
<intrinsic_mat type_id="opencv-matrix">
  <rows>3</rows>
  <cols>3</cols>
  <dt>f</dt>
  <data>
    9.99709412e+02 0. 3.79330872e+02 0. 9.96052612e+02 2.59667847e+02 0.
    0. 1.</data></intrinsic_mat>
<lens_distortion type_id="opencv-matrix">
  <rows>5</rows>
  <cols>1</cols>
  <dt>f</dt>
  <data>
    -3.11577946e-01 -8.05736855e-02 -1.99076813e-03 1.05612422e-03
    5.72313666e-01</data></lens_distortion>
<calibration_error>1.1735633331139350e-01</calibration_error>
<resolution_x>720</resolution_x>
<resolution_y>540</resolution_y>
 <!-- resumed -->

<extrinsic_rot type_id="opencv-matrix">
  <rows>3</rows>
  <cols>3</cols>
  <dt>f</dt>
  <data>
    9.69548166e-01 6.07732721e-02 2.37240344e-01 -1.38267279e-02
    9.80759025e-01 -1.94731876e-01 -2.44510114e-01 1.85521677e-01
    9.51733410e-01</data></extrinsic_rot>
<extrinsic_trans type_id="opencv-matrix">
  <rows>3</rows>
  <cols>1</cols>
  <dt>f</dt>
  <data>
    -1.35334335e+02 -2.51499023e+01 -1.35662527e+01</data></extrinsic_trans>
<stereo_error>3.0154451229754520e-01</stereo_error>
</opencv_storage>
