<?xml version="1.0"?>
<opencv_storage>
<intrinsic_mat type_id="opencv-matrix">
  <rows>3</rows>
  <cols>3</cols>
  <dt>f</dt>
  <data>
    9.99709412e+02 0. 3.79330872e+02 0. 9.96052612e+02 2.59667847e+02 0.
    0. 1.</data></intrinsic_mat>
<lens_distortion type_id="opencv-matrix">
  <rows>5</rows>
  <cols>1</cols>
  <dt>f</dt>
  <data>
    -3.11577946e-01 -8.05736855e-02 -1.99076813e-03 1.05612422e-03
    5.72313666e-01</data></lens_distortion>
<calibration_error>1.1735633331139350e-01</calibration_error>
<resolution_x>720</resolution_x>
<resolution_y>540</resolution_y>
 <!-- resumed -->

<extrinsic_rot type_id="opencv-matrix">
  <rows>3</rows>
  <cols>3</cols>
  <dt>f</dt>
  <data>
    9.69318032e-01 6.11557588e-02 2.38081008e-01 -1.09613584e-02
    9.78347242e-01 -2.06679761e-01 -2.45565563e-01 1.97728723e-01
    9.48999941e-01</data></extrinsic_rot>
<extrinsic_trans type_id="opencv-matrix">
  <rows>3</rows>
  <cols>1</cols>
  <dt>f</dt>
  <data>
    -1.35462296e+02 -2.49763794e+01 -1.41426973e+01</data></extrinsic_trans>
<stereo_error>3.7619028798873733e-01</stereo_error>
</opencv_storage>
