<?xml version="1.0"?>
<opencv_storage>
<intrinsic_mat type_id="opencv-matrix">
  <rows>3</rows>
  <cols>3</cols>
  <dt>f</dt>
  <data>
    9.90654602e+02 0. 3.82043335e+02 0. 9.90654602e+02 2.68907623e+02 0.
    0. 1.</data></intrinsic_mat>
<lens_distortion type_id="opencv-matrix">
  <rows>5</rows>
  <cols>1</cols>
  <dt>f</dt>
  <data>
    -3.13969642e-01 -1.85921863e-01 9.00765881e-04 -2.84383539e-04
    9.92174447e-01</data></lens_distortion>
<calibration_error>7.8398371180007947e-02</calibration_error>
<resolution_x>720</resolution_x>
<resolution_y>540</resolution_y>
 <!-- resumed -->

<extrinsic_rot type_id="opencv-matrix">
  <rows>3</rows>
  <cols>3</cols>
  <dt>f</dt>
  <data>
    9.70264018e-01 5.82782291e-02 2.34928489e-01 -1.04057947e-02
    9.79727805e-01 -2.00062722e-01 -2.41825283e-01 1.91669047e-01
    9.51201081e-01</data></extrinsic_rot>
<extrinsic_trans type_id="opencv-matrix">
  <rows>3</rows>
  <cols>1</cols>
  <dt>f</dt>
  <data>
    -1.35936264e+02 -2.47003651e+01 -1.56803684e+01</data></extrinsic_trans>
<stereo_error>1.9673475503110316e-01</stereo_error>
</opencv_storage>
