<?xml version="1.0"?>
<opencv_storage>
<intrinsic_mat type_id="opencv-matrix">
  <rows>3</rows>
  <cols>3</cols>
  <dt>f</dt>
  <data>
    9.95729492e+02 0. 3.79245789e+02 0. 9.95729492e+02 2.64533325e+02 0.
    0. 1.</data></intrinsic_mat>
<lens_distortion type_id="opencv-matrix">
  <rows>5</rows>
  <cols>1</cols>
  <dt>f</dt>
  <data>
    -3.08830112e-01 -6.07903413e-02 -3.88863753e-03 7.06541527e-04
    4.80374843e-01</data></lens_distortion>
<calibration_error>1.2094766626518225e-01</calibration_error>
<resolution_x>720</resolution_x>
<resolution_y>540</resolution_y>
 <!-- resumed -->

<extrinsic_rot type_id="opencv-matrix">
  <rows>3</rows>
  <cols>3</cols>
  <dt>f</dt>
  <data>
    9.69420791e-01 5.97541258e-02 2.38018394e-01 -1.06736235e-02
    9.79251564e-01 -2.02367082e-01 -2.45172158e-01 1.93638340e-01
    9.49944615e-01</data></extrinsic_rot>
<extrinsic_trans type_id="opencv-matrix">
  <rows>3</rows>
  <cols>1</cols>
  <dt>f</dt>
  <data>
    -1.35033707e+02 -2.50108261e+01 -1.28416224e+01</data></extrinsic_trans>
<stereo_error>3.5808832779305605e-01</stereo_error>
</opencv_storage>
